# Matter power spectrum P(k) at redshift z=0
# for k=1.04554e-05 to 125.152 h/Mpc,
# number of wavenumbers equal to 775
#    1:k (h/Mpc)              2:P (Mpc/h)^3        
       1.045535428257e-05       5.030894235082e+01 
       2.335831463733e-05       1.093199028119e+02 
       3.630677232156e-05       1.673511183087e+02 
       4.933568560627e-05       2.250067538089e+02 
       6.248059263980e-05       2.826340305295e+02 
       7.577792941109e-05       3.404953021779e+02 
       8.926535790934e-05       3.988163354691e+02 
       1.029821088585e-04       4.578061035380e+02 
       1.169693434382e-04       5.176670041952e+02 
       1.312705384375e-04       5.786010900930e+02 
       1.459318992917e-04       6.408142784155e+02 
       1.610028053918e-04       7.045199204646e+02 
       1.765362918733e-04       7.699416924822e+02 
       1.925895717105e-04       8.373161793722e+02 
       2.092246012700e-04       9.068955653271e+02 
       2.265086913736e-04       9.789501580832e+02 
       2.445151642176e-04       1.053770890177e+03 
       2.633240539664e-04       1.131672195163e+03 
       2.830228452033e-04       1.212994186457e+03 
       3.037072383490e-04       1.298105675895e+03 
       3.254819242583e-04       1.387406214205e+03 
       3.484613410633e-04       1.481328768723e+03 
       3.727703745779e-04       1.580340964670e+03 
       3.985449489455e-04       1.684946658431e+03 
       4.259324367467e-04       1.795685913410e+03 
       4.550917980480e-04       1.913134034738e+03 
       4.861933372790e-04       2.037898320886e+03 
       5.194179480308e-04       2.170613649457e+03 
       5.549557031159e-04       2.311933874704e+03 
       5.930036465660e-04       2.462521035864e+03 
       6.337626632254e-04       2.623030512013e+03 
       6.774333482927e-04       2.794092600290e+03 
       7.242108799612e-04       2.976290240738e+03 
       7.742790146822e-04       3.170134361296e+03 
       8.278034691888e-04       3.376037588153e+03 
       8.849251071493e-04       3.594287825552e+03 
       9.457534802516e-04       3.825025262151e+03 
       1.010361346089e-03       4.068224184095e+03 
       1.078780764863e-03       4.323682112744e+03 
       1.151001247533e-03       4.591018434739e+03 
       1.226970201658e-03       4.869682904307e+03 
       1.306595639198e-03       5.158973098729e+03 
       1.389750833141e-03       5.458096090136e+03 
       1.476280396465e-03       5.766125720892e+03 
       1.566007147118e-03       6.082052701978e+03 
       1.658739125163e-03       6.404854749377e+03 
       1.754276223022e-03       6.733505142940e+03 
       1.852416039578e-03       7.066995341878e+03 
       1.952958733873e-03       7.404355902845e+03 
       2.055710802664e-03       7.744669167836e+03 
       2.160487820068e-03       8.087079176486e+03 
       2.267116251658e-03       8.430797349783e+03 
       2.375434493246e-03       8.775104083594e+03 
       2.485293294662e-03       9.119349102955e+03 
       2.596555720235e-03       9.462948256339e+03 
       2.709096778807e-03       9.805380652942e+03 
       2.822802832929e-03       1.014618329705e+04 
       2.937570873620e-03       1.048494797160e+04 
       3.053307725926e-03       1.082131541164e+04 
       3.169929232638e-03       1.115497057136e+04 
       3.287359449082e-03       1.148563926501e+04 
       3.405529870672e-03       1.181308210754e+04 
       3.524378706564e-03       1.213709296643e+04 
       3.643850206595e-03       1.245749253091e+04 
       3.763894044416e-03       1.277412999856e+04 
       3.884464756799e-03       1.308687393010e+04 
       4.005521237181e-03       1.339561585887e+04 
       4.127026280365e-03       1.370026263830e+04 
       4.248946174650e-03       1.400074056252e+04 
       4.371250337390e-03       1.429698537172e+04 
       4.493910989950e-03       1.458895051022e+04 
       4.616902868166e-03       1.487659703146e+04 
       4.740202964602e-03       1.515988514714e+04 
       4.863790299201e-03       1.543879542866e+04 
       4.987645715202e-03       1.571332840222e+04 
       5.111751697498e-03       1.598347333199e+04 
       5.236092210878e-03       1.624928908586e+04 
       5.360652555904e-03       1.651070589176e+04 
       5.485419240388e-03       1.676775579203e+04 
       5.610379864683e-03       1.702043585074e+04 
       5.735523019194e-03       1.726877370210e+04 
       5.860838192729e-03       1.751278193931e+04 
       5.986315690432e-03       1.775249487198e+04 
       6.111946560220e-03       1.798792354860e+04 
       6.237722526769e-03       1.821911840509e+04 
       6.363635932195e-03       1.844608842374e+04 
       6.489679682688e-03       1.866887452363e+04 
       6.615847200441e-03       1.888751300380e+04 
       6.742132380302e-03       1.910202523229e+04 
       6.868529550628e-03       1.931246415354e+04 
       6.995033437889e-03       1.951886589547e+04 
       7.121639134637e-03       1.972121143875e+04 
       7.248342070465e-03       1.991961622149e+04 
       7.375137985668e-03       2.011410414638e+04 
       7.502022907305e-03       2.030466516349e+04 
       7.628993127432e-03       2.049135304233e+04 
       7.756045183283e-03       2.067425640204e+04 
       7.883175839197e-03       2.085336192000e+04 
       8.010382070134e-03       2.102869032733e+04 
       8.137661046608e-03       2.120033050400e+04 
       8.265010120913e-03       2.136828841120e+04 
       8.392426814511e-03       2.153262455995e+04 
       8.519908806475e-03       2.169335154354e+04 
       8.647453922884e-03       2.185055661031e+04 
       8.775060127094e-03       2.200417204634e+04 
       8.902725510791e-03       2.215440914420e+04 
       9.030448285760e-03       2.230110797960e+04 
       9.158226776311e-03       2.244445851303e+04 
       9.286059412297e-03       2.258437378939e+04 
       9.413944722678e-03       2.272106397230e+04 
       9.541881329578e-03       2.285440430591e+04 
       9.669867942799e-03       2.298445454459e+04 
       9.797903354748e-03       2.311131282029e+04 
       9.925986435743e-03       2.323499040276e+04 
       1.005411612968e-02       2.335558784819e+04 
       1.018229144999e-02       2.347293694476e+04 
       1.031051147594e-02       2.358727131426e+04 
       1.043877534917e-02       2.369862671997e+04 
       1.056708227047e-02       2.380684976538e+04 
       1.069543149683e-02       2.391221580449e+04 
       1.082382233864e-02       2.401452316444e+04 
       1.095225415718e-02       2.411397951328e+04 
       1.108072636218e-02       2.421057012225e+04 
       1.120923840964e-02       2.430431314018e+04 
       1.133778979977e-02       2.439531176646e+04 
       1.146638007502e-02       2.448339891887e+04 
       1.159500881837e-02       2.456882293833e+04 
       1.172367565164e-02       2.465151757216e+04 
       1.185238023394e-02       2.473154341367e+04 
       1.198112226023e-02       2.480890991232e+04 
       1.210990146002e-02       2.488364568204e+04 
       1.223871759610e-02       2.495580928586e+04 
       1.236757046339e-02       2.502542773148e+04 
       1.249645988789e-02       2.509250970609e+04 
       1.262538572565e-02       2.515709418752e+04 
       1.275434786188e-02       2.521921168930e+04 
       1.288334621008e-02       2.527888972200e+04 
       1.301238071124e-02       2.533614001177e+04 
       1.314145133312e-02       2.539106133968e+04 
       1.327055806955e-02       2.544358118590e+04 
       1.339970093986e-02       2.549381941519e+04 
       1.352887998821e-02       2.554180658038e+04 
       1.365809528315e-02       2.558739307165e+04 
       1.378734691708e-02       2.563082327560e+04 
       1.391663500584e-02       2.567200304097e+04 
       1.404595968828e-02       2.571110279135e+04 
       1.417532112590e-02       2.574789030882e+04 
       1.430471950252e-02       2.578271065883e+04 
       1.443415502400e-02       2.581522709422e+04 
       1.456362791793e-02       2.584581753409e+04 
       1.469313843345e-02       2.587428288399e+04 
       1.482268684101e-02       2.590076278366e+04 
       1.495227343220e-02       2.592524105008e+04 
       1.508189851960e-02       2.594772252043e+04 
       1.521156243667e-02       2.596826661535e+04 
       1.534126553764e-02       2.598689731730e+04 
       1.547100819741e-02       2.600369880764e+04 
       1.560079081154e-02       2.601846013694e+04 
       1.573061379621e-02       2.603147467510e+04 
       1.586047758820e-02       2.604264574640e+04 
       1.599038264489e-02       2.605199949478e+04 
       1.612032944433e-02       2.605958513430e+04 
       1.625031848528e-02       2.606544935002e+04 
       1.638035028725e-02       2.606953834827e+04 
       1.651042539066e-02       2.607194486118e+04 
       1.664054435687e-02       2.607265505520e+04 
       1.677070776836e-02       2.607170370539e+04 
       1.690091622888e-02       2.606913353300e+04 
       1.703117036359e-02       2.606500749841e+04 
       1.716147081923e-02       2.605912471685e+04 
       1.729181826437e-02       2.605176518892e+04 
       1.742221338958e-02       2.604286109099e+04 
       1.755265690766e-02       2.603244481070e+04 
       1.768314955393e-02       2.602048823148e+04 
       1.781369208646e-02       2.600707971924e+04 
       1.794428528636e-02       2.599219925469e+04 
       1.807492995810e-02       2.597586279406e+04 
       1.820562692979e-02       2.595811015158e+04 
       1.833637705353e-02       2.593898827158e+04 
       1.846718120578e-02       2.591853311301e+04 
       1.859804028768e-02       2.589659778875e+04 
       1.872895522547e-02       2.587338919809e+04 
       1.885992697090e-02       2.584886997074e+04 
       1.899095650158e-02       2.582304481288e+04 
       1.912204482150e-02       2.579594876617e+04 
       1.925319296143e-02       2.576759082590e+04 
       1.938440197939e-02       2.573802990984e+04 
       1.951567296116e-02       2.570725204721e+04 
       1.964700702077e-02       2.567523824118e+04 
       1.977840530105e-02       2.564206640662e+04 
       1.990986897412e-02       2.560775608562e+04 
       2.004139924201e-02       2.557231217126e+04 
       2.017299733723e-02       2.553574032276e+04 
       2.030466452334e-02       2.549805228935e+04 
       2.043640209561e-02       2.545927406091e+04 
       2.056821138165e-02       2.541944130885e+04 
       2.070009374206e-02       2.537857925724e+04 
       2.083205057117e-02       2.533669757444e+04 
       2.096408329768e-02       2.529379001711e+04 
       2.109619338545e-02       2.524990048075e+04 
       2.122838233423e-02       2.520501530604e+04 
       2.136065168043e-02       2.515923606578e+04 
       2.149300299796e-02       2.511246757120e+04 
       2.162543789904e-02       2.506476789589e+04 
       2.175795803506e-02       2.501626700913e+04 
       2.189056509746e-02       2.496668478425e+04 
       2.202326081866e-02       2.491637491513e+04 
       2.215604697296e-02       2.486518307961e+04 
       2.228892537758e-02       2.481324207861e+04 
       2.242189789360e-02       2.476029689326e+04 
       2.255496642701e-02       2.470667359405e+04 
       2.268813292978e-02       2.465220387026e+04 
       2.282139940096e-02       2.459698209597e+04 
       2.295476788780e-02       2.454100388683e+04 
       2.308824048693e-02       2.448430980670e+04 
       2.322181934555e-02       2.442688965704e+04 
       2.335550666270e-02       2.436875124547e+04 
       2.348930469050e-02       2.430990105141e+04 
       2.362321573550e-02       2.425039424652e+04 
       2.375724216005e-02       2.419022765976e+04 
       2.389138638367e-02       2.412937242660e+04 
       2.402565088455e-02       2.406790612990e+04 
       2.416003820100e-02       2.400583525608e+04 
       2.429455093304e-02       2.394315755898e+04 
       2.442919174396e-02       2.387981949601e+04 
       2.456396336200e-02       2.381596049585e+04 
       2.469886858200e-02       2.375154102813e+04 
       2.483391026722e-02       2.368653812750e+04 
       2.496909135111e-02       2.362110141081e+04 
       2.510441483921e-02       2.355500170008e+04 
       2.523988381106e-02       2.348841589032e+04 
       2.537550142220e-02       2.342143342923e+04 
       2.551127090629e-02       2.335386945486e+04 
       2.564719557716e-02       2.328589174697e+04 
       2.578327883110e-02       2.321742729364e+04 
       2.591952414909e-02       2.314856018736e+04 
       2.605593509919e-02       2.307926770735e+04 
       2.619251533895e-02       2.300944743698e+04 
       2.632926861798e-02       2.293922756167e+04 
       2.646619878055e-02       2.286868899717e+04 
       2.660330976828e-02       2.279770165485e+04 
       2.674060562296e-02       2.272640528391e+04 
       2.687809048943e-02       2.265471860857e+04 
       2.701576861864e-02       2.258259694944e+04 
       2.715364437069e-02       2.251024614883e+04 
       2.729172221811e-02       2.243748907487e+04 
       2.743000674916e-02       2.236442980047e+04 
       2.756850267136e-02       2.229112575134e+04 
       2.770721481501e-02       2.221746674626e+04 
       2.784614813697e-02       2.214351291935e+04 
       2.798530772452e-02       2.206934476690e+04 
       2.812469879934e-02       2.199485373796e+04 
       2.826432672172e-02       2.192014589965e+04 
       2.840419699487e-02       2.184505597212e+04 
       2.854431526940e-02       2.176985752816e+04 
       2.868468734800e-02       2.169447802844e+04 
       2.882531919028e-02       2.161874304873e+04 
       2.896621691784e-02       2.154284838879e+04 
       2.910738681949e-02       2.146679843086e+04 
       2.924883535668e-02       2.139053809372e+04 
       2.939056916924e-02       2.131409680719e+04 
       2.953259508122e-02       2.123744242552e+04 
       2.967492010707e-02       2.116062865434e+04 
       2.981755145804e-02       2.108363526566e+04 
       2.996049654883e-02       2.100654544049e+04 
       3.010376300459e-02       2.092926334313e+04 
       3.024735866810e-02       2.085186653076e+04 
       3.039129160738e-02       2.077438756363e+04 
       3.053557012355e-02       2.069666593985e+04 
       3.068020275906e-02       2.061889114392e+04 
       3.082519830628e-02       2.054108780939e+04 
       3.097056581649e-02       2.046316062977e+04 
       3.111631460922e-02       2.038505424715e+04 
       3.126245428206e-02       2.030686681862e+04 
       3.140899472090e-02       2.022865467587e+04 
       3.155594611067e-02       2.015039660224e+04 
       3.170331894650e-02       2.007199995936e+04 
       3.185112404549e-02       1.999353744886e+04 
       3.199937255901e-02       1.991501780476e+04 
       3.214807598556e-02       1.983653852233e+04 
       3.229724618426e-02       1.975796504398e+04 
       3.244689538904e-02       1.967931737663e+04 
       3.259703622346e-02       1.960070387081e+04 
       3.274768171634e-02       1.952199103320e+04 
       3.289884531807e-02       1.944331950382e+04 
       3.305054091787e-02       1.936456355575e+04 
       3.320278286186e-02       1.928588623258e+04 
       3.335558597206e-02       1.920709972094e+04 
       3.350896556639e-02       1.912830914183e+04 
       3.366293747976e-02       1.904953445993e+04 
       3.381751808626e-02       1.897078460603e+04 
       3.397272432252e-02       1.889204367009e+04 
       3.412857371238e-02       1.881329975172e+04 
       3.428508439290e-02       1.873458210778e+04 
       3.444227514183e-02       1.865579127089e+04 
       3.460016540661e-02       1.857714740300e+04 
       3.475877533503e-02       1.849843936604e+04 
       3.491812580768e-02       1.841975512210e+04 
       3.507823847218e-02       1.834116587291e+04 
       3.523913577962e-02       1.826258342864e+04 
       3.540084102296e-02       1.818396206190e+04 
       3.556337837790e-02       1.810543025382e+04 
       3.572677294615e-02       1.802692530717e+04 
       3.589105080140e-02       1.794842661076e+04 
       3.605623903822e-02       1.786993018885e+04 
       3.622236582389e-02       1.779156440917e+04 
       3.638946045378e-02       1.771319230345e+04 
       3.655755341008e-02       1.763490059772e+04 
       3.672667642456e-02       1.755651936395e+04 
       3.689686254544e-02       1.747828584914e+04 
       3.706814620872e-02       1.740009282715e+04 
       3.724056331447e-02       1.732190605989e+04 
       3.741415130834e-02       1.724375679594e+04 
       3.758894926873e-02       1.716570880780e+04 
       3.776499800030e-02       1.708763840829e+04 
       3.794234013407e-02       1.700960732427e+04 
       3.812102023489e-02       1.693154031027e+04 
       3.830108491690e-02       1.685363117357e+04 
       3.848258296758e-02       1.677569184000e+04 
       3.866556548137e-02       1.669776274411e+04 
       3.885008600350e-02       1.661988170166e+04 
       3.903620068524e-02       1.654204723854e+04 
       3.922396845142e-02       1.646421205172e+04 
       3.941345118157e-02       1.638642466550e+04 
       3.960471390592e-02       1.630860769808e+04 
       3.979782501781e-02       1.623079820847e+04 
       3.999285650401e-02       1.615300851781e+04 
       4.018988419509e-02       1.607521729448e+04 
       4.038898803751e-02       1.599740462456e+04 
       4.059025239017e-02       1.591958079331e+04 
       4.079376634768e-02       1.584179734694e+04 
       4.099962409355e-02       1.576393697366e+04 
       4.120792528645e-02       1.568610197131e+04 
       4.141877548342e-02       1.560814001145e+04 
       4.163228660422e-02       1.553019383392e+04 
       4.184857744163e-02       1.545217772841e+04 
       4.206777422335e-02       1.537412884543e+04 
       4.229001123158e-02       1.529590671687e+04 
       4.251543148761e-02       1.521765914582e+04 
       4.274418750958e-02       1.513931392674e+04 
       4.297644215289e-02       1.506089548043e+04 
       4.321236954412e-02       1.498228704537e+04 
       4.345215612105e-02       1.490355416098e+04 
       4.369600179336e-02       1.482470286644e+04 
       4.394412124082e-02       1.474566803250e+04 
       4.419674536882e-02       1.466647540374e+04 
       4.445412294400e-02       1.458705125326e+04 
       4.471652243717e-02       1.450742775638e+04 
       4.498423410498e-02       1.442752474447e+04 
       4.525757234769e-02       1.434741677782e+04 
       4.553687838742e-02       1.426700273470e+04 
       4.582252331899e-02       1.418626426637e+04 
       4.611491159617e-02       1.410513695064e+04 
       4.641448502793e-02       1.402368973229e+04 
       4.672172737455e-02       1.394182180387e+04 
       4.703716965181e-02       1.385951819541e+04 
       4.736139627436e-02       1.377667005861e+04 
       4.769505219748e-02       1.369335135878e+04 
       4.803885125179e-02       1.360946428799e+04 
       4.839358590922e-02       1.352484363146e+04 
       4.876013877390e-02       1.343959875754e+04 
       4.913949616109e-02       1.335361442740e+04 
       4.953276421495e-02       1.326671493811e+04 
       4.994118812792e-02       1.317892929925e+04 
       5.036617516574e-02       1.309014547328e+04 
       5.080932238336e-02       1.300021776820e+04 
       5.127245014722e-02       1.290906187138e+04 
       5.175764287244e-02       1.281645691007e+04 
       5.226729875565e-02       1.272227106010e+04 
       5.280419075046e-02       1.262634324848e+04 
       5.337154160975e-02       1.252837442978e+04 
       5.397311651110e-02       1.242809065665e+04 
       5.461333756960e-02       1.232512374440e+04 
       5.529742534633e-02       1.221907066413e+04 
       5.603157307611e-02       1.210936564439e+04 
       5.682315930115e-02       1.199529171017e+04 
       5.768100294444e-02       1.187595822738e+04 
       5.861565968203e-02       1.175019168104e+04 
       5.963974621181e-02       1.161642177018e+04 
       6.076825345198e-02       1.147265574627e+04 
       6.201876121510e-02       1.131605034502e+04 
       6.341138403731e-02       1.114298760884e+04 
       6.496815706263e-02       1.094859150767e+04 
       6.671144593119e-02       1.072674769006e+04 
       6.866096323388e-02       1.047021094311e+04 
       7.082935838939e-02       1.017144146663e+04 
       7.321735670189e-02       9.824076473911e+03 
       7.581070801708e-02       9.426048080580e+03 
       7.858137265954e-02       8.981223466244e+03 
       8.149321784095e-02       8.500725343866e+03 
       8.450946219057e-02       8.001223853231e+03 
       8.759834558202e-02       7.502471858350e+03 
       9.073550059165e-02       7.023404214720e+03 
       9.390371434575e-02       6.579961928446e+03 
       9.709148588457e-02       6.183392890081e+03 
       1.002914042311e-01       5.839758834028e+03 
       1.034988025655e-01       5.550339055229e+03 
       1.067107839780e-01       5.312009392677e+03 
       1.099255660037e-01       5.118539151781e+03 
       1.131420577213e-01       4.961319982306e+03 
       1.163595935432e-01       4.830461731683e+03 
       1.195777680848e-01       4.715660744635e+03 
       1.227963346335e-01       4.607092882784e+03 
       1.260151430522e-01       4.496406603077e+03 
       1.292341019230e-01       4.377132274210e+03 
       1.324531555115e-01       4.245533106367e+03 
       1.356722697666e-01       4.100265395517e+03 
       1.388914238156e-01       3.942650413319e+03 
       1.421106048001e-01       3.775960129281e+03 
       1.453298047406e-01       3.604758863160e+03 
       1.485490186320e-01       3.434264502432e+03 
       1.517682432871e-01       3.269613038648e+03 
       1.549874766334e-01       3.115260660133e+03 
       1.582067172858e-01       2.974661181075e+03 
       1.614259642858e-01       2.849889840174e+03 
       1.646452169426e-01       2.741762105401e+03 
       1.678644747361e-01       2.649827482616e+03 
       1.710837372571e-01       2.572606685374e+03 
       1.743030041704e-01       2.507762654297e+03 
       1.775222751916e-01       2.452355190258e+03 
       1.807415500731e-01       2.403328114360e+03 
       1.839608285945e-01       2.357780467310e+03 
       1.871801105566e-01       2.313082878374e+03 
       1.903993957777e-01       2.266394318716e+03 
       1.936186840902e-01       2.216035702949e+03 
       1.968379753390e-01       2.161097642398e+03 
       2.000572693799e-01       2.101519597781e+03 
       2.032765660783e-01       2.038026713592e+03 
       2.064958653087e-01       1.971902556242e+03 
       2.097151669531e-01       1.904757498539e+03 
       2.129344709011e-01       1.838293577484e+03 
       2.161537770489e-01       1.774060045156e+03 
       2.193730852988e-01       1.713306164767e+03 
       2.225923955591e-01       1.657003856737e+03 
       2.258117077429e-01       1.605748406261e+03 
       2.290310217687e-01       1.559792327051e+03 
       2.322503375594e-01       1.519059498276e+03 
       2.354696550420e-01       1.483156503487e+03 
       2.386889741476e-01       1.451406919316e+03 
       2.419082948110e-01       1.422921585978e+03 
       2.451276169704e-01       1.396707438613e+03 
       2.483469405673e-01       1.371764587774e+03 
       2.515662655461e-01       1.347165938056e+03 
       2.547855918541e-01       1.322203152625e+03 
       2.580049194413e-01       1.296378308439e+03 
       2.612242482600e-01       1.269417456241e+03 
       2.644435782650e-01       1.241265201905e+03 
       2.676629094133e-01       1.212056655014e+03 
       2.708822416639e-01       1.182082612457e+03 
       2.741015749776e-01       1.151759391091e+03 
       2.773209093173e-01       1.121581740643e+03 
       2.805402446474e-01       1.092066203531e+03 
       2.837595809341e-01       1.063697883355e+03 
       2.869789181449e-01       1.036866583755e+03 
       2.901982562489e-01       1.011823348149e+03 
       2.934175952166e-01       9.886681228256e+02 
       2.966369350197e-01       9.673786735295e+02 
       2.998562756312e-01       9.477970639034e+02 
       3.030756170251e-01       9.297049772459e+02 
       3.062949591766e-01       9.128346920195e+02 
       3.095143020620e-01       8.969000974640e+02 
       3.127336456586e-01       8.816089378945e+02 
       3.159529899444e-01       8.666791695656e+02 
       3.191723348985e-01       8.518646666679e+02 
       3.223916805008e-01       8.369662989369e+02 
       3.256110267319e-01       8.218619225429e+02 
       3.288303735734e-01       8.064962739659e+02 
       3.320497210073e-01       7.909078186698e+02 
       3.352690690165e-01       7.751871627396e+02 
       3.384884175845e-01       7.594690010774e+02 
       3.417077666955e-01       7.438991212578e+02 
       3.449271163342e-01       7.286176328371e+02 
       3.481464664858e-01       7.137528039502e+02 
       3.513658171362e-01       6.994116233942e+02 
       3.545851682719e-01       6.856786293574e+02 
       3.578045198795e-01       6.726098001624e+02 
       3.610238719464e-01       6.602280393470e+02 
       3.642432244604e-01       6.485183348912e+02 
       3.674625774098e-01       6.374268483539e+02 
       3.706819307830e-01       6.268691887520e+02 
       3.739012845691e-01       6.167385908823e+02 
       3.771206387575e-01       6.069294827147e+02 
       3.803399933379e-01       5.973460557144e+02 
       3.835593483004e-01       5.879127521073e+02 
       3.867787036355e-01       5.785760665307e+02 
       3.899980593339e-01       5.692997222608e+02 
       3.932174153865e-01       5.600642314630e+02 
       3.964367717848e-01       5.508632710512e+02 
       3.996561285203e-01       5.417031574468e+02 
       4.028754855850e-01       5.326054000002e+02 
       4.060948429710e-01       5.236040247254e+02 
       4.093142006706e-01       5.147436407913e+02 
       4.125335586765e-01       5.060689695185e+02 
       4.157529169816e-01       4.976186390384e+02 
       4.189722755789e-01       4.894191553731e+02 
       4.221916344617e-01       4.814820122785e+02 
       4.254109936236e-01       4.738080588882e+02 
       4.286303530582e-01       4.663903941591e+02 
       4.318497127593e-01       4.592180350387e+02 
       4.350690727211e-01       4.522785532238e+02 
       4.382884329377e-01       4.455556743779e+02 
       4.415077934037e-01       4.390289684174e+02 
       4.447271541135e-01       4.326717350791e+02 
       4.479465150618e-01       4.264546015583e+02 
       4.511658762437e-01       4.203475798685e+02 
       4.543852376539e-01       4.143280022035e+02 
       4.576045992879e-01       4.083792050952e+02 
       4.608239611407e-01       4.024953940030e+02 
       4.640433232079e-01       3.966774779354e+02 
       4.672626854850e-01       3.909301579823e+02 
       4.704820479677e-01       3.852589637418e+02 
       4.737014106518e-01       3.796691279578e+02 
       4.769207735331e-01       3.741668193130e+02 
       4.801401366078e-01       3.687607897371e+02 
       4.833594998719e-01       3.634612527510e+02 
       4.865788633216e-01       3.582818216366e+02 
       4.897982269534e-01       3.532315308792e+02 
       4.930175907635e-01       3.483159010721e+02 
       4.962369547486e-01       3.435336177657e+02 
       4.994563189052e-01       3.388770166170e+02 
       5.026756832300e-01       3.343350680441e+02 
       5.058950477198e-01       3.298957741774e+02 
       5.091144123715e-01       3.255488457136e+02 
       5.123337771820e-01       3.212865500310e+02 
       5.155531421483e-01       3.171020035162e+02 
       5.187725072676e-01       3.129892576747e+02 
       5.219918725369e-01       3.089414544503e+02 
       5.252112379535e-01       3.049506981076e+02 
       5.284306035147e-01       3.010125665023e+02 
       5.316499692178e-01       2.971246217416e+02 
       5.348693350604e-01       2.932883052682e+02 
       5.380887010398e-01       2.895088571170e+02 
       5.413080671537e-01       2.857912478346e+02 
       5.445274333997e-01       2.821397156096e+02 
       5.477467997753e-01       2.785568710683e+02 
       5.509661662784e-01       2.750419875597e+02 
       5.541855329067e-01       2.715932699609e+02 
       5.574048996580e-01       2.682088808670e+02 
       5.606242665302e-01       2.648888555221e+02 
       5.638436335212e-01       2.616341678340e+02 
       5.670630006290e-01       2.584437367650e+02 
       5.702823678517e-01       2.553170510906e+02 
       5.735017351872e-01       2.522504651859e+02 
       5.767211026337e-01       2.492389214209e+02 
       5.799404701893e-01       2.462775062481e+02 
       5.831598378522e-01       2.433620911992e+02 
       5.863792056207e-01       2.404907829833e+02 
       5.895985734929e-01       2.376631256259e+02 
       5.928179414673e-01       2.348795794555e+02 
       5.960373095422e-01       2.321395808341e+02 
       5.992566777158e-01       2.294417663020e+02 
       6.024760459867e-01       2.267838348136e+02 
       6.056954143533e-01       2.241636987450e+02 
       6.089147828141e-01       2.215806004216e+02 
       6.121341513675e-01       2.190357089854e+02 
       6.153535200121e-01       2.165309271476e+02 
       6.185728887465e-01       2.140680559018e+02 
       6.217922575694e-01       2.116481406430e+02 
       6.250116264792e-01       2.092705329516e+02 
       6.282309954747e-01       2.069326748185e+02 
       6.314503645546e-01       2.046324584993e+02 
       6.346697337175e-01       2.023680939918e+02 
       6.378891029623e-01       2.001394330891e+02 
       6.411084722877e-01       1.979465344595e+02 
       6.443278416924e-01       1.957893308277e+02 
       6.475472111753e-01       1.936671719646e+02 
       6.507665807352e-01       1.915783061434e+02 
       6.539859503710e-01       1.895200188570e+02 
       6.572053200816e-01       1.874903324934e+02 
       6.604246898658e-01       1.854877948099e+02 
       6.636440597227e-01       1.835125457306e+02 
       6.668634296510e-01       1.815654181231e+02 
       6.700827996499e-01       1.796472278657e+02 
       6.733021697183e-01       1.777581625351e+02 
       6.765215398551e-01       1.758973848960e+02 
       6.797409100595e-01       1.740634204084e+02 
       6.829602803304e-01       1.722553336834e+02 
       6.861796506670e-01       1.704714410937e+02 
       6.893990210683e-01       1.687127077669e+02 
       6.926183915333e-01       1.669799743735e+02 
       6.958377620613e-01       1.652739154443e+02 
       6.990571326513e-01       1.635942129284e+02 
       7.022765033025e-01       1.619399665277e+02 
       7.054958740141e-01       1.603095386893e+02 
       7.087152447852e-01       1.587013046355e+02 
       7.119346156149e-01       1.571144162329e+02 
       7.151539865026e-01       1.555489568269e+02 
       7.183733574475e-01       1.540052768919e+02 
       7.215927284487e-01       1.524839337168e+02 
       7.248120995055e-01       1.509844886083e+02 
       7.280314706172e-01       1.495060059978e+02 
       7.312508417830e-01       1.480470939001e+02 
       7.344702130023e-01       1.466065609889e+02 
       7.376895842743e-01       1.451841225366e+02 
       7.409089555984e-01       1.437800097285e+02 
       7.441283269739e-01       1.423948524801e+02 
       7.473476984000e-01       1.410292922991e+02 
       7.505670698762e-01       1.396833846340e+02 
       7.537864414018e-01       1.383557881049e+02 
       7.570058129762e-01       1.370456392102e+02 
       7.602251845987e-01       1.357519439408e+02 
       7.634445562688e-01       1.344740169665e+02 
       7.666639279859e-01       1.332128152107e+02 
       7.698832997492e-01       1.319686416840e+02 
       7.731026715584e-01       1.307414485736e+02 
       7.763220434128e-01       1.295312861498e+02 
       7.795414153118e-01       1.283372323036e+02 
       7.827607872549e-01       1.271581813838e+02 
       7.859801592415e-01       1.259933703461e+02 
       7.891995312712e-01       1.248422745840e+02 
       7.924189033434e-01       1.237055227388e+02 
       7.956382754575e-01       1.225834041505e+02 
       7.988576476131e-01       1.214761943258e+02 
       8.020770198096e-01       1.203835693452e+02 
       8.052963920466e-01       1.193050691928e+02 
       8.085157643237e-01       1.182396196512e+02 
       8.117351366402e-01       1.171864338898e+02 
       8.149545089957e-01       1.161455272760e+02 
       8.181738813899e-01       1.151171997175e+02 
       8.213932538221e-01       1.141018097882e+02 
       8.246126262921e-01       1.130995938497e+02 
       8.278319987993e-01       1.121105269921e+02 
       8.310513713432e-01       1.111342525577e+02 
       8.342707439236e-01       1.101690620278e+02 
       8.374901165399e-01       1.092148022153e+02 
       8.407094891918e-01       1.082709889745e+02 
       8.439288618788e-01       1.073386556114e+02 
       8.471482346005e-01       1.064177388049e+02 
       8.503676073565e-01       1.055087114460e+02 
       8.535869801466e-01       1.046110320557e+02 
       8.568063529701e-01       1.037240958028e+02 
       8.600257258269e-01       1.028474602395e+02 
       8.632450987165e-01       1.019802843011e+02 
       8.664644716385e-01       1.011232097650e+02 
       8.696838445926e-01       1.002755374581e+02 
       8.729032175785e-01       9.943799720820e+01 
       8.761225905957e-01       9.861080868558e+01 
       8.793419636440e-01       9.779375502650e+01 
       8.825613367229e-01       9.698633433493e+01 
       8.857807098323e-01       9.618780123470e+01 
       8.890000829716e-01       9.539785305296e+01 
       8.922194561407e-01       9.461640292701e+01 
       8.954388293391e-01       9.384379612918e+01 
       8.986582025666e-01       9.308027955455e+01 
       9.018775758229e-01       9.232595041220e+01 
       9.050969491076e-01       9.158067402732e+01 
       9.083163224205e-01       9.084413684976e+01 
       9.115356957612e-01       9.011531366016e+01 
       9.147550691295e-01       8.939402670897e+01 
       9.179744425250e-01       8.868032665797e+01 
       9.211938159475e-01       8.797409998086e+01 
       9.244131893967e-01       8.727636553191e+01 
       9.276325628723e-01       8.658692867579e+01 
       9.308519363740e-01       8.590542475748e+01 
       9.340713099017e-01       8.523186354355e+01 
       9.372906834549e-01       8.456469797226e+01 
       9.405100570335e-01       8.390445606379e+01 
       9.437294306371e-01       8.325111066805e+01 
       9.469488042656e-01       8.260481954254e+01 
       9.501681779186e-01       8.196555899516e+01 
       9.533875515959e-01       8.133394426885e+01 
       9.566069252974e-01       8.070937870215e+01 
       9.598262990226e-01       8.009148406820e+01 
       9.630456727715e-01       7.947982954815e+01 
       9.662650465437e-01       7.887426769293e+01 
       9.694844203390e-01       7.827476433639e+01 
       9.727037941573e-01       7.768167727751e+01 
       9.759231679982e-01       7.709505974606e+01 
       9.791425418615e-01       7.651503476114e+01 
       9.823619157471e-01       7.594151584332e+01 
       9.855812896546e-01       7.537381140901e+01 
       9.888006635840e-01       7.481178872841e+01 
       9.920200375349e-01       7.425522105764e+01 
       9.952394115072e-01       7.370404118269e+01 
       9.984587855007e-01       7.315852766188e+01 
       1.001678159515e+00       7.261895185190e+01 
       1.004897533550e+00       7.208530931948e+01 
       1.008116907606e+00       7.155736853584e+01 
       1.011336281682e+00       7.103481245588e+01 
       1.014555655778e+00       7.051726455774e+01 
       1.017775029894e+00       7.000456664360e+01 
       1.020994404030e+00       6.949678037696e+01 
       1.024213778186e+00       6.899420824217e+01 
       1.027433152361e+00       6.849691452799e+01 
       1.030652526555e+00       6.800495266117e+01 
       1.033871900769e+00       6.751806612458e+01 
       1.037091275001e+00       6.703628146028e+01 
       1.040310649252e+00       6.655863311222e+01 
       1.043530023521e+00       6.608550693846e+01 
       1.046749397809e+00       6.561669482858e+01 
       1.049968772115e+00       6.515264129022e+01 
       1.053188146438e+00       6.469337197539e+01 
       1.056407520780e+00       6.423898447347e+01 
       1.059626895140e+00       6.378923998642e+01 
       1.062846269517e+00       6.334380761450e+01 
       1.066065643911e+00       6.290243776096e+01 
       1.069285018323e+00       6.246496705782e+01 
       1.072504392751e+00       6.203159984172e+01 
       1.075723767197e+00       6.160243600709e+01 
       1.078943141659e+00       6.117766273003e+01 
       1.082162516138e+00       6.075726532201e+01 
       1.085381890633e+00       6.034105266164e+01 
       1.088601265145e+00       5.992871240778e+01 
       1.091820639673e+00       5.952002223350e+01 
       1.095040014216e+00       5.911495524927e+01 
       1.098259388776e+00       5.871354155223e+01 
       1.101478763352e+00       5.831597160287e+01 
       1.104698137943e+00       5.792240448800e+01 
       1.107917512549e+00       5.753281503715e+01 
       1.111136887171e+00       5.714696250384e+01 
       1.114356261808e+00       5.676467977694e+01 
       1.117575636460e+00       5.638565293017e+01 
       1.120795011127e+00       5.600991496490e+01 
       1.124014385809e+00       5.563729020604e+01 
       1.127233760505e+00       5.526840905955e+01 
       1.130453135216e+00       5.490315855726e+01 
       1.133672509942e+00       5.454153378781e+01 
       1.136891884682e+00       5.418331548303e+01 
       1.140111259436e+00       5.382826411827e+01 
       1.143330634204e+00       5.347624419357e+01 
       1.146550008986e+00       5.312719256064e+01 
       1.149769383782e+00       5.278119809760e+01 
       1.152988758591e+00       5.243840703448e+01 
       1.156208133414e+00       5.209896106098e+01 
       1.159427508251e+00       5.176287607378e+01 
       1.162646883101e+00       5.142978588560e+01 
       1.165866257964e+00       5.109962191077e+01 
       1.169085632841e+00       5.077220929481e+01 
       1.172305007730e+00       5.044744751146e+01 
       1.175524382632e+00       5.012547808187e+01 
       1.178743757548e+00       4.980651284566e+01 
       1.181963132476e+00       4.949052194503e+01 
       1.185182507416e+00       4.917753741876e+01 
       1.188401882369e+00       4.886735582261e+01 
       1.191621257335e+00       4.855979454747e+01 
       1.194840632313e+00       4.825494135285e+01 
       1.198060007303e+00       4.795233858020e+01 
       1.201279382305e+00       4.765233843515e+01 
       1.204498757319e+00       4.735503475703e+01 
       1.207718132345e+00       4.706046421205e+01 
       1.210937507383e+00       4.676863030723e+01 
       1.214156882433e+00       4.647939057470e+01 
       1.217376257494e+00       4.619230683385e+01 
       1.220595632567e+00       4.590771592949e+01 
       1.223815007651e+00       4.562536782881e+01 
       1.227034382747e+00       4.534539040235e+01 
       1.230253757854e+00       4.506791061511e+01 
       1.233473132972e+00       4.479291973293e+01 
       1.236692508102e+00       4.452075664982e+01 
       1.239911883242e+00       4.425060547913e+01 
       1.243131258393e+00       4.398239209474e+01 
       1.246350633555e+00       4.371652034934e+01 
       1.249570008728e+00       4.345271203379e+01 
       1.252789383912e+00       4.319114680605e+01 
       1.256008759106e+00       4.293179209576e+01 
       1.575684303328e+00       2.509911840298e+01 
       1.983519578878e+00       1.442066254200e+01 
       2.497102374194e+00       8.214271032707e+00 
       3.143665634020e+00       4.643388357648e+00 
       3.957640552851e+00       2.606728486828e+00 
       4.982374262732e+00       1.454186490182e+00 
       6.272437570422e+00       8.065714251977e-01 
       7.896531051297e+00       4.450086629612e-01 
       9.941143605500e+00       2.443380859634e-01 
       1.251515830726e+01       1.335564465892e-01 
       1.575565082563e+01       7.270004368052e-02 
       1.983518920375e+01       3.941916302493e-02 
       2.497102373634e+01       2.129528356874e-02 
       3.143665634020e+01       1.146342109999e-02 
       3.957640552851e+01       6.149289117654e-03 
       4.982374262732e+01       3.286841653340e-03 
       6.272437570422e+01       1.750117997396e-03 
       7.896531051297e+01       9.277954512820e-04 
       9.941143605500e+01       4.892560839877e-04 
       1.251515830726e+02       2.562389385913e-04 
